name: carnd-term1-p3
channels:
  - anaconda
  - menpo
  - conda-forge
  - defaults
dependencies:
  - ca-certificates=2018.03.07=0
  - certifi=2018.4.16=py36_0
  - click=6.7=py36hec950be_0
  - flask=1.0.2=py36_1
  - h5py=2.8.0=py36hd30518d_0
  - itsdangerous=0.24=py36h49fbb8d_1
  - jinja2=2.10=py36hd36f9c5_0
  - libopenblas=0.2.20=hdc02c5d_7
  - markupsafe=1.0=py36h3a1e703_1
  - numpy=1.14.3=py36he6379a5_2
  - numpy-base=1.14.3=py36h7ef55bc_1
  - openssl=1.0.2o=h26aff7b_0
  - werkzeug=0.14.1=py36_0
  - asn1crypto=0.24.0=py36_0
  - cffi=1.11.5=py36_0
  - cryptography=2.2.1=py36_0
  - eventlet=0.23.0=py36_0
  - freetype=2.8.1=0
  - greenlet=0.4.13=py36_0
  - hdf5=1.8.18=2
  - idna=2.7=py36_0
  - jpeg=9b=2
  - libffi=3.2.1=3
  - libpng=1.6.34=0
  - libsodium=1.0.15=1
  - openblas=0.2.20=7
  - pandoc=2.1=0
  - pycparser=2.18=py36_0
  - pyopenssl=18.0.0=py36_0
  - python-engineio=2.1.1=py_0
  - python-socketio=1.9.0=py_0
  - six=1.11.0=py36_1
  - zeromq=4.2.1=1
  - zlib=1.2.11=0
  - blas=1.0=mkl
  - expat=2.2.5=hb8e80ba_0
  - gettext=0.19.8.1=h15daf44_3
  - glib=2.53.6=h33f6a65_2
  - gmp=6.1.2=hb37e062_1
  - graphite2=1.3.10=h337f25e_1
  - icu=58.2=h4b95b61_1
  - intel-openmp=2018.0.0=h8158457_8
  - libcxx=4.0.1=h579ed51_0
  - libcxxabi=4.0.1=hebd6815_0
  - libedit=3.1.20170329=hb402a30_2
  - libgfortran=3.0.1=h93005f0_2
  - libiconv=1.15=hdd342a3_7
  - libtiff=4.0.9=hcb84e12_1
  - mkl=2018.0.1=hfbd8650_4
  - mpc=1.0.3=h7a72875_5
  - mpfr=3.1.5=h711e7fd_2
  - ncurses=6.1=h0a44026_0
  - olefile=0.45.1=py36_0
  - pcre=8.41=hfb6ab37_1
  - pillow=5.1.0=py36hfcce615_0
  - pip=10.0.1=py36_0
  - pixman=0.34.0=hca0a616_3
  - python=3.6.5=hc167b69_1
  - readline=7.0=hc1231fa_4
  - setuptools=39.2.0=py36_0
  - sqlite=3.24.0=ha441bb4_0
  - tk=8.6.7=h35a86e2_3
  - wheel=0.31.1=py36_0
  - xz=5.2.4=h1de35cc_4
  - yaml=0.1.7=hc338f04_2
  - ffmpeg=2.8.6=0
  - tbb=4.3_20141023=0
  - pip:
    - bleach==1.5.0
    - enum34==1.1.6
    - html5lib==0.9999999
    - keras==2.1.3
    - markdown==2.6.11
    - protobuf==3.6.0
    - pyyaml==3.12
    - scipy==1.1.0
    - tensorflow==1.4.0
    - tensorflow-tensorboard==0.4.0
prefix: /Users/jinzhu/anaconda/envs/carnd-term1-p3
